3810169
8954381
3568708
14572447
23388499
27671875
18007111
20605004
16181553
12222959
23850330
12106813
19332395
26718979
21763436
9987013
16371011
27143430
19955704
28547865
27127658
27984697
8561843
1281953
1738004
16712495
24088404
15910550
8347821
10672235
15277174
23532874
19689163
11412013
23333464
21047545
16914866
11777543
24217277
19747159
25533477
11263499
2880399
24117480
15763178
9052903
9839715
27000658
7790979
28143566
23831058
22614246
25164377
24967550
19103277
9060276
1837142
29501742
19500576
20523048
14720173
20454932
18925487
12528818
2960633
10332536
21636582
12391608
12670422
2360411
20383142
1611059
25752209
1444882
18505838
20842339
9132706
25902149
22402892
21709248
25531153
12844556
10936685
22002431
23314940
18258207
19264117
15339642
12020857
23326437
21367866
25934229
22152106
21147664
10539126
28004889
1783619
1642228
18506455
27213057
