21402949
16019212
20580709
21275309
25131993
22560791
27649492
26773586
20434401
12812755
19309270
25546789
15152458
16135534
15743370
22154712
27549615
22801582
11412871
21800026
10660328
21570848
24969422
12206807
24308293
27621596
25972034
25365558
11766073
22116947
18230070
21967249
15145335
26418993
22889007
24577373
19906562
15725584
11468272
11084353
14677314
24879640
19787747
11409421
17258336
20687186
15948875
15845029
25755201
11382193
26855765
24858336
19899002
27343068
12359139
20517938
16750880
18071020
20498331
18591841
19062538
23070737
19957845
22000014
26926354
15991258
23450561
26094594
18363165
26003786
21111703
24986949
16149047
12062254
22068479
27229112
19285783
26966801
22068475
23218947
21550932
19012301
23594613
27134205
26182375
15175275
24315469
19407036
11889791
19109891
26280938
22354379
11404124
25594433
26264580
20827278
28877195
11126641
27122458
28334037
