19708317
14557579
27245531
12376264
18653336
15103718
24311111
21700587
26966800
20598272
21528491
10899449
21038378
17285549
23612904
19158820
12022080
16415967
16789935
18957722
10910645
26911353
21372778
22017442
23438214
23224783
20184662
15696483
22234189
23494880
23863142
19001018
17952667
27350676
22606352
12039847
12206796
14609186
15171581
22605630
18353051
11078210
16617451
26873232
20561071
25455304
17435279
24813925
10619712
20446227
22766138
21815800
26743743
22533379
23055315
12206799
19837995
18428400
12432710
20304949
20817884
21836521
11704819
27295345
23869433
25125379
24015212
25687144
19927354
12233050
19068065
17726484
18055393
22894145
11474581
26594870
14559679
15158318
10838255
18646569
15641267
17092719
25641021
16483403
11725514
18268530
12754415
23919455
10791029
15684864
27256364
18056690
19504448
12606026
24378600
20020055
19409785
16353443
16868787
27230049
