14753054
17872915
15468911
12601712
17266761
26350541
2836376
11848684
29050382
16817891
23415546
6333695
11757955
9652956
1748592
11443731
19604328
1707190
9189035
9143266
15364419
9754958
24063215
27668683
7535791
17493013
9075467
19684239
7728221
16179827
20375137
11099448
6822833
9880039
11398564
10720282
11920851
24711325
19885829
15179443
22426017
23613741
11245918
19559767
25556849
23137948
16921174
11637100
17343292
24650794
10888890
11034704
11882748
23208452
20080541
22015308
19921519
8239283
11447843
17606531
3197787
7361578
23507771
11165779
12215881
27889917
24509835
27103528
10463234
21316814
9312066
26478578
24068826
23984328
8858181
22459297
26694580
14552909
6158020
26901792
12832513
7485228
1698467
17719017
28776874
11754996
12370023
6227276
23379308
2284385
11129341
14623725
11517492
17198748
19506424
11055049
23409049
9437439
11489281
16306245